[ [ 1, 2, 4, 7 ], [ 1, 3, 6, 11 ], [ 2, 1, 7, 4 ], [ 2, 5, 10, 16 ], [ 1, 6, 3, 11 ], [ 3, 8, 14, 22 ], [ 4, 9, 15, 23 ], [ 2, 10, 5, 16 ], [ 5, 8, 20, 28 ], [ 6, 12, 21, 31 ], [ 7, 13, 19, 32 ], [ 3, 14, 8, 22 ], [ 4, 15, 9, 23 ], [ 8, 5, 28, 20 ], [ 9, 12, 29, 38 ], [ 10, 17, 30, 42 ], [ 11, 18, 27, 43 ], [ 7, 19, 13, 32 ], [ 6, 21, 12, 31 ], [ 12, 9, 38, 29 ], [ 13, 17, 39, 51 ], [ 14, 24, 40, 56 ], [ 15, 25, 41, 57 ], [ 16, 26, 37, 58 ], [ 11, 27, 18, 43 ], [ 10, 30, 17, 42 ], [ 17, 13, 51, 39 ], [ 18, 24, 52, 68 ], [ 19, 25, 53, 69 ], [ 20, 33, 54, 74 ], [ 21, 34, 55, 75 ], [ 22, 35, 49, 76 ], [ 23, 36, 50, 77 ], [ 16, 37, 26, 58 ], [ 14, 40, 24, 56 ], [ 15, 41, 25, 57 ], [ 24, 18, 68, 52 ], [ 25, 19, 69, 53 ], [ 26, 33, 70, 89 ], [ 27, 34, 71, 90 ], [ 28, 44, 66, 95 ], [ 29, 45, 72, 96 ], [ 30, 46, 73, 97 ], [ 31, 47, 67, 98 ], [ 32, 48, 65, 99 ], [ 22, 49, 35, 76 ], [ 23, 50, 36, 77 ], [ 20, 54, 33, 74 ], [ 21, 55, 34, 75 ], [ 33, 26, 89, 70 ], [ 34, 27, 90, 71 ], [ 35, 44, 84, 101 ], [ 36, 45, 83, 100 ], [ 37, 46, 91, 112 ], [ 38, 59, 87, 118 ], [ 39, 60, 92, 119 ], [ 40, 61, 93, 92 ], [ 41, 62, 94, 120 ], [ 42, 63, 88, 121 ], [ 43, 64, 86, 122 ], [ 32, 65, 48, 99 ], [ 28, 66, 44, 95 ], [ 31, 67, 47, 98 ], [ 29, 72, 45, 96 ], [ 30, 73, 46, 97 ], [ 44, 35, 101, 84 ], [ 45, 36, 100, 83 ], [ 46, 37, 112, 91 ], [ 47, 59, 63, 78 ], [ 48, 60, 105, 123 ], [ 49, 61, 113, 109 ], [ 50, 62, 114, 137 ], [ 51, 78, 109, 141 ], [ 52, 79, 97, 142 ], [ 53, 80, 115, 143 ], [ 54, 81, 116, 72 ], [ 55, 82, 117, 115 ], [ 56, 83, 110, 125 ], [ 57, 84, 111, 124 ], [ 58, 85, 108, 144 ], [ 43, 86, 64, 122 ], [ 38, 87, 59, 118 ], [ 42, 88, 63, 121 ], [ 39, 92, 60, 119 ], [ 40, 93, 61, 92 ], [ 41, 94, 62, 120 ], [ 59, 47, 78, 63 ], [ 60, 48, 123, 105 ], [ 61, 49, 109, 113 ], [ 62, 50, 137, 114 ], [ 64, 79, 128, 145 ], [ 65, 80, 129, 146 ], [ 66, 81, 138, 87 ], [ 67, 82, 139, 134 ], [ 68, 100, 112, 146 ], [ 69, 101, 134, 145 ], [ 70, 102, 75, 136 ], [ 71, 103, 120, 156 ], [ 72, 81, 116, 54 ], [ 73, 104, 140, 94 ], [ 74, 105, 135, 147 ], [ 76, 106, 132, 153 ], [ 77, 107, 133, 152 ], [ 58, 108, 85, 144 ], [ 51, 109, 78, 141 ], [ 56, 110, 83, 125 ], [ 57, 111, 84, 124 ], [ 52, 97, 79, 142 ], [ 53, 115, 80, 143 ], [ 55, 117, 82, 115 ], [ 79, 64, 145, 128 ], [ 80, 65, 146, 129 ], [ 81, 66, 87, 138 ], [ 82, 67, 134, 139 ], [ 85, 102, 106, 124 ], [ 86, 103, 151, 141 ], [ 88, 104, 154, 111 ], [ 89, 123, 90, 137 ], [ 91, 126, 143, 160 ], [ 93, 127, 155, 117 ], [ 94, 104, 140, 73 ], [ 95, 128, 149, 133 ], [ 96, 129, 148, 132 ], [ 98, 130, 147, 131 ], [ 99, 131, 153, 159 ], [ 76, 132, 106, 153 ], [ 77, 133, 107, 152 ], [ 68, 112, 100, 146 ], [ 69, 134, 101, 145 ], [ 74, 135, 105, 147 ], [ 75, 136, 70, 102 ], [ 71, 120, 103, 156 ], [ 102, 85, 124, 106 ], [ 103, 86, 141, 151 ], [ 104, 88, 111, 154 ], [ 107, 125, 130, 121 ], [ 108, 126, 151, 118 ], [ 110, 127, 154, 136 ], [ 113, 148, 156, 158 ], [ 114, 149, 119, 157 ], [ 116, 150, 158, 140 ], [ 117, 127, 155, 93 ], [ 122, 152, 144, 159 ], [ 99, 153, 131, 159 ], [ 95, 149, 128, 133 ], [ 98, 147, 130, 131 ], [ 89, 90, 123, 137 ], [ 96, 148, 129, 132 ], [ 91, 143, 126, 160 ], [ 125, 107, 121, 130 ], [ 126, 108, 118, 151 ], [ 127, 110, 136, 154 ], [ 135, 150, 139, 142 ], [ 138, 157, 160, 155 ], [ 116, 158, 150, 140 ], [ 144, 159, 122, 152 ], [ 119, 157, 114, 149 ], [ 113, 156, 148, 158 ], [ 150, 135, 142, 139 ], [ 138, 160, 157, 155 ] ]