[ [ 1, 2, 4, 7 ], [ 1, 3, 6, 11 ], [ 2, 1, 7, 4 ], [ 2, 5, 10, 16 ], [ 1, 6, 3, 11 ], [ 3, 8, 14, 22 ], [ 4, 9, 15, 23 ], [ 2, 10, 5, 16 ], [ 5, 8, 20, 28 ], [ 6, 12, 21, 31 ], [ 7, 13, 19, 32 ], [ 3, 14, 8, 22 ], [ 4, 15, 9, 23 ], [ 8, 5, 28, 20 ], [ 9, 12, 29, 38 ], [ 10, 17, 30, 42 ], [ 11, 18, 27, 43 ], [ 7, 19, 13, 32 ], [ 6, 21, 12, 31 ], [ 12, 9, 38, 29 ], [ 13, 17, 39, 51 ], [ 14, 24, 40, 56 ], [ 15, 25, 41, 57 ], [ 16, 26, 37, 58 ], [ 11, 27, 18, 43 ], [ 10, 30, 17, 42 ], [ 17, 13, 51, 39 ], [ 18, 24, 52, 68 ], [ 19, 25, 53, 69 ], [ 20, 33, 54, 74 ], [ 21, 34, 55, 75 ], [ 22, 35, 49, 76 ], [ 23, 36, 50, 77 ], [ 16, 37, 26, 58 ], [ 14, 40, 24, 56 ], [ 15, 41, 25, 57 ], [ 24, 18, 68, 52 ], [ 25, 19, 69, 53 ], [ 26, 33, 70, 89 ], [ 27, 34, 71, 90 ], [ 28, 44, 66, 96 ], [ 29, 45, 72, 97 ], [ 30, 46, 73, 98 ], [ 31, 47, 67, 99 ], [ 32, 48, 65, 100 ], [ 22, 49, 35, 76 ], [ 23, 50, 36, 77 ], [ 20, 54, 33, 74 ], [ 21, 55, 34, 75 ], [ 33, 26, 89, 70 ], [ 34, 27, 90, 71 ], [ 35, 44, 91, 115 ], [ 36, 45, 92, 116 ], [ 37, 46, 93, 117 ], [ 38, 59, 87, 124 ], [ 39, 60, 94, 125 ], [ 40, 61, 95, 126 ], [ 41, 62, 95, 127 ], [ 42, 63, 88, 128 ], [ 43, 64, 86, 129 ], [ 32, 65, 48, 100 ], [ 28, 66, 44, 96 ], [ 31, 67, 47, 99 ], [ 29, 72, 45, 97 ], [ 30, 73, 46, 98 ], [ 44, 35, 115, 91 ], [ 45, 36, 116, 92 ], [ 46, 37, 117, 93 ], [ 47, 59, 118, 147 ], [ 48, 60, 119, 148 ], [ 49, 61, 120, 149 ], [ 50, 62, 121, 150 ], [ 51, 78, 112, 157 ], [ 52, 79, 122, 158 ], [ 53, 80, 123, 159 ], [ 54, 81, 123, 160 ], [ 55, 82, 73, 106 ], [ 56, 83, 113, 161 ], [ 57, 84, 114, 162 ], [ 58, 85, 111, 163 ], [ 43, 86, 64, 129 ], [ 38, 87, 59, 124 ], [ 42, 88, 63, 128 ], [ 39, 94, 60, 125 ], [ 40, 95, 61, 126 ], [ 41, 95, 62, 127 ], [ 59, 47, 147, 118 ], [ 60, 48, 148, 119 ], [ 61, 49, 149, 120 ], [ 62, 50, 150, 121 ], [ 63, 78, 151, 184 ], [ 64, 79, 152, 185 ], [ 65, 80, 153, 186 ], [ 66, 81, 154, 187 ], [ 67, 82, 155, 188 ], [ 68, 101, 143, 196 ], [ 69, 102, 144, 197 ], [ 70, 103, 156, 198 ], [ 71, 104, 154, 199 ], [ 72, 105, 94, 135 ], [ 73, 106, 55, 82 ], [ 74, 107, 145, 200 ], [ 75, 108, 146, 201 ], [ 76, 109, 141, 202 ], [ 77, 110, 142, 203 ], [ 58, 111, 85, 163 ], [ 51, 112, 78, 157 ], [ 56, 113, 83, 161 ], [ 57, 114, 84, 162 ], [ 52, 122, 79, 158 ], [ 53, 123, 80, 159 ], [ 54, 123, 81, 160 ], [ 78, 63, 184, 151 ], [ 79, 64, 185, 152 ], [ 80, 65, 186, 153 ], [ 81, 66, 187, 154 ], [ 82, 67, 188, 155 ], [ 83, 101, 189, 227 ], [ 84, 102, 190, 228 ], [ 85, 103, 191, 229 ], [ 86, 104, 192, 230 ], [ 87, 105, 122, 171 ], [ 88, 106, 193, 217 ], [ 89, 130, 181, 237 ], [ 90, 131, 182, 238 ], [ 91, 132, 194, 239 ], [ 92, 133, 195, 240 ], [ 93, 134, 120, 169 ], [ 94, 135, 72, 105 ], [ 96, 136, 179, 241 ], [ 97, 137, 183, 242 ], [ 98, 138, 146, 243 ], [ 99, 139, 180, 244 ], [ 100, 140, 178, 245 ], [ 76, 141, 109, 202 ], [ 77, 142, 110, 203 ], [ 68, 143, 101, 196 ], [ 69, 144, 102, 197 ], [ 74, 145, 107, 200 ], [ 75, 146, 108, 201 ], [ 70, 156, 103, 198 ], [ 71, 154, 104, 199 ], [ 101, 83, 227, 189 ], [ 102, 84, 228, 190 ], [ 103, 85, 229, 191 ], [ 104, 86, 230, 192 ], [ 105, 87, 171, 122 ], [ 106, 88, 217, 193 ], [ 107, 130, 231, 271 ], [ 108, 131, 232, 272 ], [ 109, 132, 219, 252 ], [ 110, 133, 218, 251 ], [ 111, 134, 233, 273 ], [ 112, 135, 156, 212 ], [ 113, 127, 234, 175 ], [ 114, 126, 235, 174 ], [ 115, 164, 224, 279 ], [ 116, 165, 225, 280 ], [ 117, 166, 226, 281 ], [ 118, 167, 236, 282 ], [ 119, 168, 235, 283 ], [ 120, 169, 93, 134 ], [ 121, 170, 155, 211 ], [ 124, 172, 222, 284 ], [ 125, 173, 183, 285 ], [ 128, 176, 223, 286 ], [ 129, 177, 221, 287 ], [ 100, 178, 140, 245 ], [ 96, 179, 136, 241 ], [ 99, 180, 139, 244 ], [ 89, 181, 130, 237 ], [ 90, 182, 131, 238 ], [ 97, 183, 137, 242 ], [ 98, 146, 138, 243 ], [ 91, 194, 132, 239 ], [ 92, 195, 133, 240 ], [ 130, 107, 271, 231 ], [ 131, 108, 272, 232 ], [ 132, 109, 252, 219 ], [ 133, 110, 251, 218 ], [ 134, 111, 273, 233 ], [ 135, 112, 212, 156 ], [ 127, 113, 175, 234 ], [ 126, 114, 174, 235 ], [ 136, 164, 258, 289 ], [ 137, 165, 257, 288 ], [ 138, 166, 274, 313 ], [ 139, 167, 176, 208 ], [ 140, 168, 261, 292 ], [ 141, 169, 275, 300 ], [ 142, 170, 276, 314 ], [ 143, 171, 194, 256 ], [ 144, 160, 195, 216 ], [ 145, 159, 277, 215 ], [ 147, 204, 268, 319 ], [ 148, 205, 269, 320 ], [ 149, 206, 226, 278 ], [ 150, 207, 270, 321 ], [ 151, 208, 278, 322 ], [ 152, 209, 243, 323 ], [ 153, 210, 193, 255 ], [ 155, 211, 121, 170 ], [ 157, 213, 265, 324 ], [ 158, 214, 222, 325 ], [ 161, 218, 266, 294 ], [ 162, 219, 267, 293 ], [ 163, 220, 264, 326 ], [ 129, 221, 177, 287 ], [ 124, 222, 172, 284 ], [ 128, 223, 176, 286 ], [ 115, 224, 164, 279 ], [ 116, 225, 165, 280 ], [ 117, 226, 166, 281 ], [ 125, 183, 173, 285 ], [ 118, 236, 167, 282 ], [ 119, 235, 168, 283 ], [ 164, 136, 289, 258 ], [ 165, 137, 288, 257 ], [ 166, 138, 313, 274 ], [ 167, 139, 208, 176 ], [ 168, 140, 292, 261 ], [ 169, 141, 300, 275 ], [ 170, 142, 314, 276 ], [ 171, 143, 256, 194 ], [ 160, 144, 216, 195 ], [ 159, 145, 215, 277 ], [ 172, 204, 213, 246 ], [ 173, 205, 297, 327 ], [ 174, 206, 269, 311 ], [ 175, 207, 315, 348 ], [ 177, 209, 301, 331 ], [ 178, 210, 302, 332 ], [ 179, 199, 316, 260 ], [ 180, 211, 317, 341 ], [ 181, 212, 224, 256 ], [ 182, 187, 236, 249 ], [ 184, 246, 311, 350 ], [ 185, 247, 274, 351 ], [ 186, 248, 312, 351 ], [ 188, 250, 270, 318 ], [ 189, 251, 281, 329 ], [ 190, 252, 318, 328 ], [ 191, 253, 201, 310 ], [ 192, 254, 234, 296 ], [ 193, 255, 153, 210 ], [ 196, 257, 307, 332 ], [ 197, 258, 308, 331 ], [ 198, 259, 265, 352 ], [ 200, 261, 309, 333 ], [ 202, 262, 305, 344 ], [ 203, 263, 306, 343 ], [ 163, 264, 220, 326 ], [ 157, 265, 213, 324 ], [ 161, 266, 218, 294 ], [ 162, 267, 219, 293 ], [ 147, 268, 204, 319 ], [ 148, 269, 205, 320 ], [ 149, 226, 206, 278 ], [ 150, 270, 207, 321 ], [ 158, 222, 214, 325 ], [ 151, 278, 208, 322 ], [ 152, 243, 209, 323 ], [ 204, 172, 246, 213 ], [ 205, 173, 327, 297 ], [ 206, 174, 311, 269 ], [ 207, 175, 348, 315 ], [ 209, 177, 331, 301 ], [ 210, 178, 332, 302 ], [ 199, 179, 260, 316 ], [ 211, 180, 341, 317 ], [ 212, 181, 256, 224 ], [ 187, 182, 249, 236 ], [ 214, 247, 337, 353 ], [ 215, 248, 338, 354 ], [ 216, 249, 225, 268 ], [ 217, 250, 312, 347 ], [ 220, 253, 262, 293 ], [ 221, 254, 342, 324 ], [ 223, 255, 349, 358 ], [ 227, 288, 313, 354 ], [ 228, 289, 347, 353 ], [ 229, 290, 232, 321 ], [ 230, 291, 315, 320 ], [ 231, 292, 238, 346 ], [ 233, 295, 277, 336 ], [ 234, 296, 192, 254 ], [ 237, 297, 345, 314 ], [ 239, 298, 307, 358 ], [ 240, 299, 308, 357 ], [ 241, 301, 335, 306 ], [ 242, 302, 334, 305 ], [ 244, 303, 333, 304 ], [ 245, 304, 344, 359 ], [ 202, 305, 262, 344 ], [ 203, 306, 263, 343 ], [ 196, 307, 257, 332 ], [ 197, 308, 258, 331 ], [ 200, 309, 261, 333 ], [ 201, 310, 191, 253 ], [ 184, 311, 246, 350 ], [ 185, 274, 247, 351 ], [ 186, 312, 248, 351 ], [ 188, 270, 250, 318 ], [ 198, 265, 259, 352 ], [ 189, 281, 251, 329 ], [ 190, 318, 252, 328 ], [ 247, 214, 353, 337 ], [ 248, 215, 354, 338 ], [ 249, 216, 268, 225 ], [ 250, 217, 347, 312 ], [ 253, 220, 293, 262 ], [ 254, 221, 324, 342 ], [ 255, 223, 358, 349 ], [ 259, 290, 298, 328 ], [ 260, 291, 356, 350 ], [ 263, 294, 303, 286 ], [ 264, 295, 342, 284 ], [ 266, 296, 349, 352 ], [ 267, 283, 360, 340 ], [ 271, 327, 272, 348 ], [ 273, 330, 338, 280 ], [ 275, 334, 316, 355 ], [ 276, 335, 285, 355 ], [ 277, 336, 233, 295 ], [ 279, 337, 345, 341 ], [ 282, 339, 346, 340 ], [ 287, 343, 326, 359 ], [ 245, 344, 304, 359 ], [ 241, 335, 301, 306 ], [ 244, 333, 303, 304 ], [ 237, 345, 297, 314 ], [ 238, 346, 231, 292 ], [ 242, 334, 302, 305 ], [ 227, 313, 288, 354 ], [ 228, 347, 289, 353 ], [ 229, 232, 290, 321 ], [ 230, 315, 291, 320 ], [ 239, 307, 298, 358 ], [ 240, 308, 299, 357 ], [ 290, 259, 328, 298 ], [ 291, 260, 350, 356 ], [ 294, 263, 286, 303 ], [ 295, 264, 284, 342 ], [ 296, 266, 352, 349 ], [ 283, 267, 340, 360 ], [ 299, 329, 339, 322 ], [ 300, 330, 356, 319 ], [ 309, 336, 317, 325 ], [ 310, 323, 360, 357 ], [ 316, 355, 275, 334 ], [ 285, 355, 276, 335 ], [ 326, 359, 287, 343 ], [ 279, 345, 337, 341 ], [ 280, 330, 338, 273 ], [ 271, 272, 327, 348 ], [ 282, 346, 339, 340 ], [ 329, 299, 322, 339 ], [ 330, 300, 319, 356 ], [ 336, 309, 325, 317 ], [ 323, 310, 357, 360 ] ]